   0 N N  100  100  100   1.0 1000 1000   1.0 1000  0.00 4640.4 2.57 PASS
   1 N N  200  200  200   1.0 1000 1000   1.0 1000  0.00 5596.4 2.85 PASS
   2 N N  300  300  300   1.0 1000 1000   1.0 1000  0.01 5856.8 2.90 PASS
   3 N N  400  400  400   1.0 1000 1000   1.0 1000  0.02 5750.0 2.78 PASS
   4 N N  500  500  500   1.0 1000 1000   1.0 1000  0.04 5919.1 2.86 PASS
   5 N N  600  600  600   1.0 1000 1000   1.0 1000  0.07 5952.3 4.61 PASS
   6 N N  700  700  700   1.0 1000 1000   1.0 1000  0.11 6077.2 5.73 PASS
   7 N N  800  800  800   1.0 1000 1000   1.0 1000  0.17 6028.7 5.90 PASS
   8 N N  900  900  900   1.0 1000 1000   1.0 1000  0.24 6076.0 5.74 PASS
   9 N N 1000 1000 1000   1.0 1000 1000   1.0 1000  0.33 6126.5 5.25 PASS
