--------------------------------- GEMM ----------------------------------
TST# A B    M    N    K ALPHA  LDA  LDB  BETA  LDC  TIME MFLOP SpUp  TEST
==== = = ==== ==== ==== ===== ==== ==== ===== ==== ===== ===== ==== =====
   0 N N  100  100  100   1.0 1000 1000   1.0 1000  0.00 1806.7 1.00 -----
   0 N N  100  100  100   1.0 1000 1000   1.0 1000  0.00 5263.2 2.91 PASS
   1 N N  200  200  200   1.0 1000 1000   1.0 1000  0.01 1941.3 1.00 -----
   1 N N  200  200  200   1.0 1000 1000   1.0 1000  0.00 6349.2 3.27 PASS
   2 N N  300  300  300   1.0 1000 1000   1.0 1000  0.03 2001.9 1.00 -----
   2 N N  300  300  300   1.0 1000 1000   1.0 1000  0.01 6641.2 3.32 PASS
   3 N N  400  400  400   1.0 1000 1000   1.0 1000  0.07 1884.0 1.00 -----
   3 N N  400  400  400   1.0 1000 1000   1.0 1000  0.02 6455.8 3.43 PASS
   4 N N  500  500  500   1.0 1000 1000   1.0 1000  0.12 2038.1 1.00 -----
   4 N N  500  500  500   1.0 1000 1000   1.0 1000  0.04 6524.9 3.20 PASS
   5 N N  600  600  600   1.0 1000 1000   1.0 1000  0.32 1367.5 1.00 -----
   5 N N  600  600  600   1.0 1000 1000   1.0 1000  0.06 6910.0 5.05 PASS
   6 N N  700  700  700   1.0 1000 1000   1.0 1000  0.73 941.2 1.00 -----
   6 N N  700  700  700   1.0 1000 1000   1.0 1000  0.10 7001.4 7.44 PASS
   7 N N  800  800  800   1.0 1000 1000   1.0 1000  0.99 1035.8 1.00 -----
   7 N N  800  800  800   1.0 1000 1000   1.0 1000  0.15 6864.5 6.63 PASS
   8 N N  900  900  900   1.0 1000 1000   1.0 1000  1.44 1013.7 1.00 -----
   8 N N  900  900  900   1.0 1000 1000   1.0 1000  0.21 6884.6 6.79 PASS
   9 N N 1000 1000 1000   1.0 1000 1000   1.0 1000  1.77 1132.0 1.00 -----
   9 N N 1000 1000 1000   1.0 1000 1000   1.0 1000  0.29 7008.3 6.19 PASS

10 tests run, 10 passed
