   0 N N  100  100  100   1.0 1000 1000   1.0 1000  0.00 5263.2 2.91 PASS
   1 N N  200  200  200   1.0 1000 1000   1.0 1000  0.00 6349.2 3.27 PASS
   2 N N  300  300  300   1.0 1000 1000   1.0 1000  0.01 6641.2 3.32 PASS
   3 N N  400  400  400   1.0 1000 1000   1.0 1000  0.02 6455.8 3.43 PASS
   4 N N  500  500  500   1.0 1000 1000   1.0 1000  0.04 6524.9 3.20 PASS
   5 N N  600  600  600   1.0 1000 1000   1.0 1000  0.06 6910.0 5.05 PASS
   6 N N  700  700  700   1.0 1000 1000   1.0 1000  0.10 7001.4 7.44 PASS
   7 N N  800  800  800   1.0 1000 1000   1.0 1000  0.15 6864.5 6.63 PASS
   8 N N  900  900  900   1.0 1000 1000   1.0 1000  0.21 6884.6 6.79 PASS
   9 N N 1000 1000 1000   1.0 1000 1000   1.0 1000  0.29 7008.3 6.19 PASS
