   0 N N  100  100  100   1.0 1000 1000   1.0 1000  0.00 4132.2 2.30 PASS
   1 N N  200  200  200   1.0 1000 1000   1.0 1000  0.00 4770.4 2.43 PASS
   2 N N  300  300  300   1.0 1000 1000   1.0 1000  0.01 4873.6 2.44 PASS
   3 N N  400  400  400   1.0 1000 1000   1.0 1000  0.03 4881.0 2.53 PASS
   4 N N  500  500  500   1.0 1000 1000   1.0 1000  0.05 4986.1 2.42 PASS
   5 N N  600  600  600   1.0 1000 1000   1.0 1000  0.09 5059.9 3.78 PASS
   6 N N  700  700  700   1.0 1000 1000   1.0 1000  0.13 5095.1 4.94 PASS
   7 N N  800  800  800   1.0 1000 1000   1.0 1000  0.20 5055.0 4.80 PASS
   8 N N  900  900  900   1.0 1000 1000   1.0 1000  0.29 5099.5 4.84 PASS
   9 N N 1000 1000 1000   1.0 1000 1000   1.0 1000  0.39 5133.4 4.45 PASS
