--------------------------------- GEMM ----------------------------------
TST# A B    M    N    K ALPHA  LDA  LDB  BETA  LDC  TIME MFLOP SpUp  TEST
==== = = ==== ==== ==== ===== ==== ==== ===== ==== ===== ===== ==== =====
   0 N N  100  100  100   1.0 1000 1000   1.0 1000  0.00 1805.1 1.00 -----
   0 N N  100  100  100   1.0 1000 1000   1.0 1000  0.00 5586.6 3.09 PASS
   1 N N  200  200  200   1.0 1000 1000   1.0 1000  0.01 1962.5 1.00 -----
   1 N N  200  200  200   1.0 1000 1000   1.0 1000  0.00 6968.6 3.55 PASS
   2 N N  300  300  300   1.0 1000 1000   1.0 1000  0.03 2018.2 1.00 -----
   2 N N  300  300  300   1.0 1000 1000   1.0 1000  0.01 7298.3 3.62 PASS
   3 N N  400  400  400   1.0 1000 1000   1.0 1000  0.07 1926.9 1.00 -----
   3 N N  400  400  400   1.0 1000 1000   1.0 1000  0.02 7125.8 3.70 PASS
   4 N N  500  500  500   1.0 1000 1000   1.0 1000  0.12 2017.6 1.00 -----
   4 N N  500  500  500   1.0 1000 1000   1.0 1000  0.03 7176.9 3.56 PASS
   5 N N  600  600  600   1.0 1000 1000   1.0 1000  0.34 1260.3 1.00 -----
   5 N N  600  600  600   1.0 1000 1000   1.0 1000  0.06 7559.5 6.00 PASS
   6 N N  700  700  700   1.0 1000 1000   1.0 1000  0.66 1043.1 1.00 -----
   6 N N  700  700  700   1.0 1000 1000   1.0 1000  0.09 7642.7 7.33 PASS
   7 N N  800  800  800   1.0 1000 1000   1.0 1000  1.01 1009.0 1.00 -----
   7 N N  800  800  800   1.0 1000 1000   1.0 1000  0.14 7469.5 7.40 PASS
   8 N N  900  900  900   1.0 1000 1000   1.0 1000  1.45 1007.9 1.00 -----
   8 N N  900  900  900   1.0 1000 1000   1.0 1000  0.19 7614.2 7.55 PASS
   9 N N 1000 1000 1000   1.0 1000 1000   1.0 1000  1.83 1094.8 1.00 -----
   9 N N 1000 1000 1000   1.0 1000 1000   1.0 1000  0.26 7630.3 6.97 PASS

10 tests run, 10 passed
