   0 N N  100  100  100   1.0 1000 1000   1.0 1000  0.00 4890.0 2.71 PASS
   1 N N  200  200  200   1.0 1000 1000   1.0 1000  0.00 5856.5 2.99 PASS
   2 N N  300  300  300   1.0 1000 1000   1.0 1000  0.01 6157.4 3.05 PASS
   3 N N  400  400  400   1.0 1000 1000   1.0 1000  0.02 6066.6 3.21 PASS
   4 N N  500  500  500   1.0 1000 1000   1.0 1000  0.04 6218.3 3.06 PASS
   5 N N  600  600  600   1.0 1000 1000   1.0 1000  0.07 6320.1 4.62 PASS
   6 N N  700  700  700   1.0 1000 1000   1.0 1000  0.11 6394.8 6.27 PASS
   7 N N  800  800  800   1.0 1000 1000   1.0 1000  0.16 6343.0 6.02 PASS
   8 N N  900  900  900   1.0 1000 1000   1.0 1000  0.23 6394.9 6.04 PASS
   9 N N 1000 1000 1000   1.0 1000 1000   1.0 1000  0.31 6450.5 5.54 PASS
