  ./xdl3blastst
  --------------------------------- GEMM ----------------------------------
  TST# A B    M    N    K ALPHA  LDA  LDB  BETA  LDC  TIME MFLOP SpUp  TEST
  ==== = = ==== ==== ==== ===== ==== ==== ===== ==== ===== ===== ==== =====
     0 N N  100  100  100   1.0 1000 1000   1.0 1000  0.00 1798.6 1.00 -----
     0 N N  100  100  100   1.0 1000 1000   1.0 1000  0.00 3898.6 2.17 PASS
     1 N N  200  200  200   1.0 1000 1000   1.0 1000  0.01 1949.6 1.00 -----
     1 N N  200  200  200   1.0 1000 1000   1.0 1000  0.00 4461.8 2.29 PASS
     2 N N  300  300  300   1.0 1000 1000   1.0 1000  0.03 2018.2 1.00 -----
     2 N N  300  300  300   1.0 1000 1000   1.0 1000  0.01 4634.0 2.30 PASS
     3 N N  400  400  400   1.0 1000 1000   1.0 1000  0.06 2017.5 1.00 -----
     3 N N  400  400  400   1.0 1000 1000   1.0 1000  0.03 4601.2 2.28 PASS
     4 N N  500  500  500   1.0 1000 1000   1.0 1000  0.14 1837.7 1.00 -----
     4 N N  500  500  500   1.0 1000 1000   1.0 1000  0.05 4680.6 2.55 PASS
     5 N N  600  600  600   1.0 1000 1000   1.0 1000  0.32 1337.4 1.00 -----
     5 N N  600  600  600   1.0 1000 1000   1.0 1000  0.09 4740.0 3.54 PASS
     6 N N  700  700  700   1.0 1000 1000   1.0 1000  0.70 983.0 1.00 -----
     6 N N  700  700  700   1.0 1000 1000   1.0 1000  0.14 4770.6 4.85 PASS
     7 N N  800  800  800   1.0 1000 1000   1.0 1000  0.98 1045.5 1.00 -----
     7 N N  800  800  800   1.0 1000 1000   1.0 1000  0.22 4752.8 4.55 PASS
     8 N N  900  900  900   1.0 1000 1000   1.0 1000  1.38 1056.5 1.00 -----
     8 N N  900  900  900   1.0 1000 1000   1.0 1000  0.30 4783.0 4.53 PASS
     9 N N 1000 1000 1000   1.0 1000 1000   1.0 1000  1.72 1160.3 1.00 -----
     9 N N 1000 1000 1000   1.0 1000 1000   1.0 1000  0.42 4805.7 4.14 PASS

  10 tests run, 10 passed
