  --------------------------------- GEMM ----------------------------------
  TST# A B    M    N    K ALPHA  LDA  LDB  BETA  LDC  TIME MFLOP SpUp  TEST
  ==== = = ==== ==== ==== ===== ==== ==== ===== ==== ===== ===== ==== =====
     0 N N  100  100  100   1.0 1000 1000   1.0 1000  0.00 1315.8 1.00 -----
     0 N N  100  100  100   1.0 1000 1000   1.0 1000  0.00 2649.0 2.01 PASS
     1 N N  200  200  200   1.0 1000 1000   1.0 1000  0.01 1961.3 1.00 -----
     1 N N  200  200  200   1.0 1000 1000   1.0 1000  0.00 3283.4 1.67 PASS
     2 N N  300  300  300   1.0 1000 1000   1.0 1000  0.03 2019.3 1.00 -----
     2 N N  300  300  300   1.0 1000 1000   1.0 1000  0.02 3375.6 1.67 PASS
     3 N N  400  400  400   1.0 1000 1000   1.0 1000  0.06 2066.4 1.00 -----
     3 N N  400  400  400   1.0 1000 1000   1.0 1000  0.04 3382.2 1.64 PASS
     4 N N  500  500  500   1.0 1000 1000   1.0 1000  0.12 2064.9 1.00 -----
     4 N N  500  500  500   1.0 1000 1000   1.0 1000  0.07 3419.3 1.66 PASS
     5 N N  600  600  600   1.0 1000 1000   1.0 1000  0.34 1270.4 1.00 -----
     5 N N  600  600  600   1.0 1000 1000   1.0 1000  0.13 3449.5 2.72 PASS
     6 N N  700  700  700   1.0 1000 1000   1.0 1000  0.65 1060.5 1.00 -----
     6 N N  700  700  700   1.0 1000 1000   1.0 1000  0.20 3444.5 3.25 PASS
     7 N N  800  800  800   1.0 1000 1000   1.0 1000  0.97 1050.7 1.00 -----
     7 N N  800  800  800   1.0 1000 1000   1.0 1000  0.30 3468.3 3.30 PASS
     8 N N  900  900  900   1.0 1000 1000   1.0 1000  1.39 1052.0 1.00 -----
     8 N N  900  900  900   1.0 1000 1000   1.0 1000  0.42 3461.3 3.29 PASS
     9 N N 1000 1000 1000   1.0 1000 1000   1.0 1000  1.72 1164.3 1.00 -----
     9 N N 1000 1000 1000   1.0 1000 1000   1.0 1000  0.57 3494.0 3.00 PASS
  10 tests run, 10 passed
