--------------------------------- GEMM ----------------------------------
TST# A B    M    N    K ALPHA  LDA  LDB  BETA  LDC  TIME MFLOP SpUp  TEST
==== = = ==== ==== ==== ===== ==== ==== ===== ==== ===== ===== ==== =====
   0 N N  100  100  100   1.0 1000 1000   1.0 1000  0.00 1803.4 1.00 -----
   0 N N  100  100  100   1.0 1000 1000   1.0 1000  0.00 4705.9 2.61 PASS
   1 N N  200  200  200   1.0 1000 1000   1.0 1000  0.01 1961.7 1.00 -----
   1 N N  200  200  200   1.0 1000 1000   1.0 1000  0.00 5574.9 2.84 PASS
   2 N N  300  300  300   1.0 1000 1000   1.0 1000  0.03 2020.4 1.00 -----
   2 N N  300  300  300   1.0 1000 1000   1.0 1000  0.01 5847.3 2.89 PASS
   3 N N  400  400  400   1.0 1000 1000   1.0 1000  0.07 1900.0 1.00 -----
   3 N N  400  400  400   1.0 1000 1000   1.0 1000  0.02 5781.7 3.04 PASS
   4 N N  500  500  500   1.0 1000 1000   1.0 1000  0.12 2050.6 1.00 -----
   4 N N  500  500  500   1.0 1000 1000   1.0 1000  0.04 5912.7 2.88 PASS
   5 N N  600  600  600   1.0 1000 1000   1.0 1000  0.32 1346.4 1.00 -----
   5 N N  600  600  600   1.0 1000 1000   1.0 1000  0.07 5891.7 4.38 PASS
   6 N N  700  700  700   1.0 1000 1000   1.0 1000  0.67 1028.4 1.00 -----
   6 N N  700  700  700   1.0 1000 1000   1.0 1000  0.11 6070.4 5.90 PASS
   7 N N  800  800  800   1.0 1000 1000   1.0 1000  0.98 1048.6 1.00 -----
   7 N N  800  800  800   1.0 1000 1000   1.0 1000  0.17 6027.4 5.75 PASS
   8 N N  900  900  900   1.0 1000 1000   1.0 1000  1.38 1058.3 1.00 -----
   8 N N  900  900  900   1.0 1000 1000   1.0 1000  0.24 6076.9 5.74 PASS
   9 N N 1000 1000 1000   1.0 1000 1000   1.0 1000  1.71 1167.2 1.00 -----
   9 N N 1000 1000 1000   1.0 1000 1000   1.0 1000  0.33 6125.3 5.25 PASS

10 tests run, 10 passed
