     0 N N  100  100  100   1.0 1000 1000   1.0 1000  0.00 4201.7 2.32 PASS
     1 N N  200  200  200   1.0 1000 1000   1.0 1000  0.00 4906.5 2.50 PASS
     2 N N  300  300  300   1.0 1000 1000  1.0 1000  0.01 5145.3 2.55 PASS
     3 N N  400  400  400   1.0 1000 1000   1.0 1000  0.03 5054.5 2.44 PASS
     4 N N  500  500  500   1.0 1000 1000   1.0 1000  0.05 5103.9 2.50 PASS
     5 N N  600  600  600   1.0 1000 1000   1.0 1000  0.08 5219.9 3.81 PASS
     6 N N  700  700  700   1.0 1000 1000   1.0 1000  0.13 5294.4 5.09 PASS
     7 N N  800  800  800   1.0 1000 1000   1.0 1000  0.20 5201.2 4.96 PASS
     8 N N  900  900  900   1.0 1000 1000   1.0 1000  0.28 5259.6 4.98 PASS
     9 N N 1000 1000 1000   1.0 1000 1000   1.0 1000  0.38 5309.8 4.54 PASS
